       N       E                     dE             d eps       ncg     rms          rms(c)
RMM:   1    -0.940225712191E+01   -0.94023E+01   -0.12355E+01   514   0.147E+01
RMM:   2    -0.940329814808E+01   -0.10410E-02   -0.49845E-04   483   0.792E-02
RMM:   3    -0.940329846445E+01   -0.31637E-06   -0.10753E-07   453   0.163E-03
   1 F= -.94032985E+01 E0= -.94032985E+01  d E =-.260711E-13
