       N       E                     dE             d eps       ncg     rms          rms(c)
RMM:   1    -0.275366358555E+01   -0.27537E+01   -0.61756E+00   505   0.127E+01
RMM:   2    -0.275381556810E+01   -0.15198E-03   -0.19538E-04   480   0.614E-02
RMM:   3    -0.275381557275E+01   -0.46491E-08   -0.13445E-16   425   0.924E-04
   1 F= -.27538156E+01 E0= -.27538156E+01  d E =-.946401E-09
