       N       E                     dE             d eps       ncg     rms          rms(c)
RMM:   1    -0.107813783277E+02   -0.10781E+02   -0.35714E+00   497   0.102E+01
RMM:   2    -0.107823501310E+02   -0.97180E-03   -0.83785E-04   476   0.106E-01
RMM:   3    -0.107823501855E+02   -0.54429E-07   -0.50841E-08   457   0.119E-03
   1 F= -.10782350E+02 E0= -.10782350E+02  d E =-.757803E-11
