       N       E                     dE             d eps       ncg     rms          rms(c)
RMM:   1     0.335896102252E+01    0.33590E+01   -0.35582E+01   549   0.296E+01
RMM:   2     0.321128641876E+01   -0.14767E+00   -0.56459E-02   507   0.966E-01
RMM:   3     0.321128404035E+01   -0.23784E-05   -0.10192E-05   463   0.132E-02
   1 F= 0.32112840E+01 E0= 0.32112840E+01  d E =-.749235E-10
